[Variables]
bl1_obtained = 0
bl1x = -83.0571859732
bl1y = 133.9571859732
bl2_obtained = 0
bl2x = -82.95111995605001
bl2y = 133.85111995605
bl_obtained = 0
bl_sensor_radius = 2.9197999924416536
blx = 7.87674606339997
bly = 43.02325393660003
br0_obtained = 0
br0x = 139.82287139800002
br0y = 134.522871398
br1_obtained = 0
br1x = 139.57538402465002
br1y = 134.27538402465
br2_obtained = 0
br2x = 139.36325199035002
br2y = 134.06325199035
br_obtained = 0
br_sensor_radius = 3.5197999922833567
brx = 48.74751800520003
bry = 43.447518005200024
build_plate_radius = 154.5
fl0_obtained = 0
fl0x = -82.10259181885002
fl0y = -87.40259181885003
fl1_obtained = 0
fl1x = -82.73898792175001
fl1y = -88.03898792175002
fl2_obtained = 0
fl2x = -82.95111995605001
fl2y = -88.25111995605002
fl_obtained = 0
fl_sensor_radius = 3.11979999238887
flx = 7.735324707199972
fly = 2.4353247072000035
fr1_obtained = 0
fr1x = 139.82287139800002
fr1y = -88.92287139800001
fr2_obtained = 0
fr2x = 139.82287139800002
fr2y = -88.92287139800001
fr_obtained = 0
fr_sensor_radius = 4.019799992151427
frx = 49.101071395700025
fry = 1.798928604300002
increment = 0.05
max_distance = 10.0
move_speed = 25.0
perfect_circle_radius = 25.7302
r1_0 = 152.78019996648192
r1_1 = 154.03019996615214
r1_2 = 153.6801999662445
r1_3 = 154.03019996615214
r1_4 = 153.98019996616532
r2_0 = 154.5301999660202
r2_1 = 154.33019996607297
r2_2 = 154.18019996611255
r2_3 = 154.18019996611253
r2_4 = 153.8801999661917
sensing_radius = 0.0
sin45 = 0.707106781
start_radius = 158.0
tiny_max_distance = 6.0
tiny_start_radius = 33.0
x_correction_0 = 0.6187184332117607
x_correction_1 = 0.10606601712200865
x_correction_2 = 0.17677669520335443
x_correction_3 = 0.05303300856099427
x_correction_4 = -0.035355339040672895
x_correction_total = 0.9947407636914392
x_probe_offset = 28.1
x_starting_position = -130.0
y_correction_0 = 0.6187184332117607
y_correction_1 = 0.10606601712200865
y_correction_2 = 0.17677669520335443
y_correction_3 = 0.05303300856099427
y_correction_4 = -0.035355339040672895
y_correction_total = 0.8049388150574451
y_probe_offset = 22.8
y_starting_position = -135.0
z_probe_height = 1.0

